1096
1096
1292
1195
1251
1270
1294
1047
921
1171
1100
1068
1028
1325
1116
1382
1787
1521
1141
1119
1546
1398
1545
1518
1448
1387
1446
1410
1475
1300
1216
1337
1206
1106
1141
927
1603
1544
1976
1457
1244
1325
1005
1008
845
935
1318
1558
1542
1717
1681
1577
1712
1653
1496
1752
1512
1253
1093
1354
1571
1517
1518
1323
1659
1758
1950
1865
2077
2041
1734
1774
1691
1450
1528
2020
1795
1824
2482
1740
1822
1959
2042
2141
1942
1961
1585
2303
2373
2105
2108
2362
2150
2053
1811
1777
1782
1979
1889
1679
1730
1971
1644
1566
1825
1782
2054
1888
2259
1978
1724
1684
1490
1825
1730
1710
1600
1972
2189
2276
2302
2313
2352
2003
2145
2606
2415
2191
2429
1901
2164
2460
2670
2104
2178
2077
1923
1963
1690
2062
1603
2120
1919
2373
2613
2504
2230
1771
2296
2063
2176
2235
1953
1697
1850
2003
1816
2111
2209
2819
2256
1979
1921
1683
2085
2069
1951
2047
1662
1811
1627
1648
1671
1525
1728
2438
2099
2173
2219
1935
1754
2125
2071
2142
2296
1916
2336
2367
2035
2284
2612
1996
1941
1975
1658
2070
1913
2620
2434
2766
2270
2345
2632
2482
2449
2286
1988
2656
2608
2641
2932
2403
2376
2186
2509
2476
2135
2341
2307
2036
1890
1762
2246
2387
2085
2029
1674
2211
1972
1900
2062
2239
2125
2305
2069
2410
2548
2662
2635
2455
2514
2791
2917
2656
2511
2191
2386
2297
2153
2821
2556
2635
2507
2373
2630
2756
2882
3009
2978
2924
2333
2321
2195
2215
2595
2225
2282
2465
2672
2529
2754
2579
2306
2518
2311
2343
2194
2515
2474
2809
2740
2604
2724
2443
2481
2790
2347
2350
2761
2841
3019
2980
2615
2726
2740
2520
3126
2795
2545
2124
2307
2736
2593
3090
2843
2430
2610
2701
3014
2497
2806
2887
2411
2526
2731
2552
2330
2443
2620
2894
2738
2643
2594
2612
3173
3252
3028
3156
2829
2979
3361
3251
2932
3238
3013
2635
2592
2507
2742
2647
2390
3076
2550
2613
2981
2792
2542
2872
2711
2901
2854
2477
2859
2955
2743
2825
3012
2915
2986
2937
2972
3257
2798
2634
2789
2644
2656
2577
2696
2770
2809
2369
2418
2572
2322
2864
2893
2539
2915
2694
2857
1731
2391
2649
2742
2563
2707
2842
2565
2449
2290
2835
2669
2372
2794
2498
2433
2594
2801
2775
2693
2758
2921
2924
3339
3058
2582
2582
2948
2457
2718
2696
2495
2161
2744
2293
2678
2448
2461
2459
2565
2912
3044
2747
3282
3052
2733
2563
2331
2311
2941
2700
2263
2598
2566
3193
3636
3528
3222
3096
2653
2794
3218
2793
3178
2765
2314
2493
2384
2446
2310
2279
2212
2397
2281
2748
2471
2661
2527
2399
2536
2628
2339
2585
2260
2330
2353
2391
2537
2317
2293
2448
2615
2109
1866
2031
2257
2683
2378
2207
2116
2465
2462
2377
2133
2150
2634
2358
2647
2706
2257
2588
2558
1924
2626
2541
1885
2073
1592
1532
1499
1838
1789
1514
2117
2039
1889
1944
1834
2228
2317
2186
1929
2033
2059
1840
2254
2685
3320
2940
2558
2189
2380
2631
2715
2174
2304
2623
2290
2014
2023
2055
2199
2444
2518
2326
2018
1917
1942
1821
1806
1752
2160
1716
1769
2073
1756
1619
1877
1534
1921
2115
1863
2006
1816
1844
1665
2363
2607
2444
2624
2671
2547
2006
2484
2731
2234
2281
2280
2193
1688
1943
1744
1746
1476
1889
2200
1786
1644
1735
2202
1801
1791
1582
1613
1776
1879
2134
1799
2127
1946
1852
1830
1827
1771
1616
2102
1913
1894
1621
1822
2031
1872
1614
1908
1882
2055
1695
1831
1773
1755
1769
1423
2069
1536
1518
1360
1583
1594
1621
1591
1466
1603
1231
1259
1511
1541
1542
1675
1504
1436
1366
1455
1406
1020
1573
1420
984
984
1118
1232
1226
1533
1560
1456
1754
1469
1444
1508
1761
1180
974
1291
1461
1272
1471
1489
1636
1509
1506
1629
1723
1627
1766
1394
1474
1330
1409
1696
1634
1741
1517
1488
1326
1783
1739
1565
1023
981
1361
1335
1351
1554
1562
1585
1515
1584
1399
1392
1703
1530
1475
1334
1171
998
1049
1529
1324
1571
1690
1599
1597
1397
1260
1532
1284
1384
1668
1390
1539
1460
1299
922
1306
1287
1228
1492
1113
1463
1421
1262
1509
1323
1154
1466
1684
1433
1423
1043
919
1001
1348
1607
1497
1497
1562
1507
1438
1358
1499
1572
1418
1028
1177
1395
1234
1189
1073
1307
1125
1294
1126
1349
1601
1174
1254
1315
1469
1569
1381
1531
1683
1673
1434
1748
1579
1853
1486
1749
1591
1530
1241
1398
1241
1083
1030
1327
1292
1032
782
793
1155
949
1143
1153
1026
1149
1173
1492
1489
1464
1301
1545
1429
1486
1359
1210
1308
759
1052
1019
767
1120
1231
952
1089
1338
1297
1416
1404
1483
1658
1647
1574
1525
1761
1711
1786
1134
1179
851
1121
1175
1209
1056
991
779
812
1036
997
862
748
860
1137
1069
793
711
671
859
833
836
870
748
880
1030
853
720
802
1121
996
983
1102
1176
1409
1141
1313
1338
1241
1643
1383
1362
1141
1241
1247
942
807
766
845
1109
1223
1042
951
851
923
741
871
988
1011
1219
1378
1463
1337
1445
1306
944
922
1023
1032
1095
907
956
865
930
853
930
1366
1377
896
1003
1632
1190
996
1111
1391
1413
1275
964
987
1112
1291
1024
1399
1398
1631
1777
1755
1801
1793
1835
1717
1817
1552
1550
1571
1605
1636
1558
1708
2115
1721
2031
1974
1787
1423
1377
1313
1572
1709
1390
1520
2121
1966
1845
1783
2148
2213
1804
1635
1971
1873
1474
1646
1434
1520
1673
1614
1780
1879
1867
1847
1997
1439
1658
1638
1683
1898
2083
1860
2136
1964
1831
2080
2146
1783
1568
1762
2430
1993
2264
1781
1798
1923
2364
2035
1851
1832
1805
1828
2835
2668
2648
2184
2079
1919
2009
1913
1798
2533
2195
1786
1735
1768
1845
1728
1663
1827
1993
2003
2307
2622
2092
1773
2060
2574
2363
2637
1949
1725
1847
1713
1561
2292
2480
2430
2199
2678
2403
2461
2272
2450
2083
2056
1934
1895
1900
2353
2515
2074
2251
1825
2289
2083
2815
2890
2820
2627
2303
1883
1893
1818
2145
2070
2262
2048
1980
2249
1796
1863
2164
2582
2314
2302
1927
2034
2469
2395
2561
2428
2425
2110
2299
2415
2239
2507
2787
2599
2381
2517
2802
2798
2530
2221
2266
2055
1944
2319
2140
1886
2280
1834
1795
1810
1818
2147
1896
2226
1982
2083
2015
1693
2443
2344
1962
2435
2297
2153
2287
2130
2223
2265
2638
2601
2598
2045
2509
2703
2476
2912
2620
2630
2797
2692
2577
2844
2771
1853
2175
2741
2503
3042
2598
2477
2981
2495
2417
2270
2600
2699
2777
2717
2926
2710
2952
2882
3246
3392
2609
2413
2560
2698
2577
2709
2428
2482
2518
2372
2486
2783
2582
2823
2599
3008
3261
3425
3221
3748
2786
2996
3125
3049
3543
3645
3519
3642
2825
2612
2820
2644
2819
3254
2951
2641
2564
2586
2285
2613
2901
2407
2756
2996
3448
2977
2861
3119
3353
3584
3566
3052
2728
3069
2647
1924
2973
2089
2659
2604
3240
3241
2632
2744
3052
3437
3239
2693
2229
2825
2699
2968
3510
3415
2909
3262
2966
3052
2815
2470
3031
2711
2671
2300
2300
2370
2411
2522
2609
2766
2386
2673
2666
2891
2651
2711
2990
3292
3476
3172
3688
3057
2766
2682
2665
1404
1509
2124
2490
2864
2900
2771
2987
2734
2740
3089
2884
3095
2761
3009
2876
2785
3240
2825
3098
2872
3133
2773
2618
3034
2735
2870
2808
2836
2428
2599
2851
2947
2816
2844
2668
2540
2457
3003
2386
2968
3136
3010
3230
2712
2946
3229
3013
3213
2771
2701
3056
2564
2609
2913
2736
2681
2834
2945
3080
2953
2830
2630
2754
3058
3163
2255
2056
2694
2513
2413
2518
2585
2450
2436
2003
2104
2156
1938
2022
2560
2719
2173
2040
2292
2023
1931
2679
2244
2383
1689
1950
2184
2898
2536
2106
2289
2627
2589
2460
2384
1965
2175
2044
1797
1710
2064
1971
1960
2140
2716
3282
2458
2029
1912
2185
1874
1610
2288
2102
1907
1956
1906
2720
2175
1111
930
774
1222
995
1365
2048
1694
1588
966
2457
2517
2207
1949
2006
2173
2121
2058
1797
1871
1947
2035
2248
1811
1864
2072
2150
2858
2405
2517
2508
2249
2106
2136
2349
2036
1911
2031
2413
2379
2509
2141
2410
2010
1996
2182
2278
2421
2726
2621
1931
1646
2457
2407
2238
2132
2202
2347
2394
2365
2739
2702
2745
2341
2058
2534
2299
2115
2166
2284
2126
2057
1868
1761
2180
2119
1740
1801
1993
1761
1858
1796
2035
1828
1701
1798
1637
1840
2023
2043
1817
1770
1695
1445
1635
1669
1872
1579
1731
1778
1573
1573
2033
2185
2361
2131
1788
1636
1766
1580
1394
1548
1504
1584
1455
1715
1603
1579
1216
1340
1405
1488
1589
1697
1504
1577
1865
1898
1577
1677
1431
1723
2047
1576
1499
1457
1478
1484
1568
1433
1530
1365
1446
1600
1733
1278
1490
1147
1204
1282
1388
1612
1535
1300
1390
1272
1250
1401
1562
1540
1318
1048
926
898
1290
1384
1183
1136
1301
1688
1610
1588
1444
1783
1413
1756
1743
1630
1549
1281
1651
1063
725
1122
1482
1124
785
849
926
1460
1667
1620
1245
1294
1317
1399
1493
1666
1518
1334
1120
914
931
911
835
1016
1433
1509
1226
1469
1339
1635
1719
1388
1428
1192
1465
1348
1416
1492
1136
1284
1409
1065
1378
1555
1109
986
1692
1048
899
891
1351
1470
1489
1679
1218
944
1000
1499
1489
1404
1366
1438
1178
1322
1582
1457
1119
1225
887
1077
1205
985
986
1395
1149
1482
926
1240
1210
1440
1344
1272
1187
990
1381
1140
1123
1122
1011
922
833
1467
1371
982
839
1033
950
1042
850
965
259
105
652
1
1197
1381
1527
1637
1728
1675
1659
1691
1423
1714
1739
1400
1590
1535
1663
1568
1533
1688
1787
1678
1456
1679
1165
1435
1582
1423
1359
1283
1205
1317
1205
1102
1244
1345
1066
1201
1116
1412
1444
1119
1013
1230
1307
1225
949
1086
1002
1150
966
950
1116
1094
1268
1265
1525
1343
1344
1449
1415
1470
1600
1515
1490
1520
1486
1238
1211
1425
1508
1394
1370
1172
1286
1561
1078
988
1102
1473
1424
1365
1476
1066
1559
1216
1506
1383
1567
1510
1777
1408
1043
940
998
1090
1006
1508
1394
1237
1114
1128
1011
1375
1696
1653
1648
1658
1768
1683
1697
1442
1457
1154
1226
959
1266
1345
1144
816
1206
1292
901
966
1020
817
1444
1674
1038
1374
1335
1427
952
1357
1649
1513
1463
1426
1482
1645
1719
1744
1827
1809
1613
1720
1687
1749
1579
1583
1803
1729
1956
1387
1732
1556
1568
1405
1726
1769
1997
1835
1696
1629
1785
1783
1743
1667
1785
1655
1623
1724
2015
1771
1794
1393
1848
1736
1903
1697
1659
1665
1570
1639
1804
1722
1906
1829
1705
1921
1845
1836
2188
2234
1898
1757
1897
1555
1981
1849
1873
1875
1655
1818
1780
1799
1699
1926
1958
1744
1867
2037
1622
1682
1830
1589
1761
1996
1851
1608
1886
1790
1813
1492
1745
1799
1957
1659
1345
1680
1939
1727
1853
2070
1776
1704
1635
1789
2113
2225
1941
1941
2179
2305
2029
1983
1811
1736
1875
1649
1929
2212
2036
1816
2075
2104
1984
2180
1993
1776
2080
2190
1890
1737
1970
1822
1904
1885
1759
1720
1864
2064
2147
1943
1835
1822
1681
1795
1828
2091
1560
1552
1805
1896
1863
1811
2119
1754
1437
1661
2261
2018
1996
1751
1914
1666
1806
1910
1912
1795
1984
1847
2096
2014
1853
1755
1743
2424
2177
2086
2147
2044
2287
2523
1957
2222
1915
2253
2392
2719
2645
2835
2670
2529
2567
2588
2621
2324
2637
2437
2949
2720
2721
2754
2480
2448
2524
2371
2243
2372
2129
2070
1939
2068
2266
2674
2942
3271
3007
2878
2311
2551
2394
2284
2544
2652
2900
2759
2747
2347
2597
2786
2913
2979
2695
3106
2724
2788
3122
3143
2629
2915
2811
2540
2885
2535
2564
2738
2483
2307
2435
2287
2562
2162
2311
2589
2479
2297
2190
2223
2545
1992
2151
2479
2287
2673
2613
2790
2439
2584
2613
2500
2827
2348
2656
2655
2836
3003
2835
3205
2899
2901
2677
2860
2660
2326
2449
2864
2717
2642
2764
2731
2571
2425
2377
2822
2687
2429
2299
2902
2974
3063
3166
2749
2667
3007
3109
2723
2848
3130
2667
2787
2867
2918
2683
2548
2978
2964
2587
1993
2977
2861
2654
2845
2752
2675
3151
2637
2424
2311
2450
2346
2136
2592
2776
2520
2715
2536
2314
2826
2533
2486
2572
3036
2951
2838
2978
2549
2422
2800
2461
2646
3151
2972
2732
2646
2855
2623
2675
2923
2835
2857
2740
2952
2688
2779
2608
2634
2168
2537
2837
2883
2704
2623
2359
2575
2842
2733
2521
2924
2724
2757
2964
2536
2530
45
2185
2629
2819
3182
2971
3096
2387
2613
2705
2357
2570
2979
2750
2947
2640
2850
2522
2493
2730
2697
2722
2835
3014
2619
2662
2724
2946
2702
2620
2725
2973
2716
2534
1839
1840
2084
2278
2362
1995
2391
2810
2898
2684
2631
2097
2164
2007
2458
2430
2496
2294
2103
2229
2517
2538
2797
2874
2265
2395
2321
2722
2682
2964
3027
2575
2598
2672
2643
2753
3152
2722
2331
2271
2121
2393
2263
2042
2820
2384
2257
2195
1923
2246
1744
1994
1631
1774
1596
2174
1843
2713
2478
2899
2165
2503
2294
1928
2081
1845
1998
2079
2264
1761
1875
1887
2259
2433
2303
1944
2258
1978
2471
2008
1960
1905
2436
2004
1923
1636
1639
1654
2059
1834
1761
1665
1844
1710
1972
2156
2018
1752
1544
1538
1461
1431
1659
1759
1601
1541
1686
1935
1992
1745
1798
1866
1577
1724
1472
1688
1609
1806
1496
1782
1322
1581
1602
1920
2028
1823
1709
1538
1408
1548
1527
1521
1513
1618
1477
1527
1589
1381
1448
1692
1575
1522
1544
1564
1550
1557
1599
1923
2010
1599
1665
1622
1466
1504
1808
1947
1377
1622
1747
1757
1640
1492
1547
1545
1377
1527
1540
1521
1516
1648
1589
2109
1418
1368
1437
923
1145
1038
1038
750
1365
686
1251
1306
1574
1850
1408
1394
1372
1461
1665
